-17
903
56
56
-120
777
34
0
-999
215
88
-3
640
19
501
-75
333
1024
-512
7
13
-44
290
615
-1
999
-300
42
42
418
-206
73
860
-700
11
2
-2
5
-5
100
-100
808
-808
321
123
-123
456
-456
12
-12
67
-67
89
-89
150
-150
275
-275
390
-390
505
-505
620
-620
735
-735
850
-850
965
-965
18
-18
27
-27
36
-36
45
-45
54
-54
63
-63
72
-72
81
-81
90
-90
111
-111
222
-222
444
-444
555
-555
666
-666
888
-888
135
-135
246
-246
357
-357
468
-468
579
-579
680
-680
791
-791
902
-902
314
-314
271
-271
141
-141
161
-161
181
-181
191
-191
202
-202
212
-212
232
-232
242
-242
252
-252
262
-262
272
-272
282
-282
292
-292
303
-303
313
-313
323
-323
343
-343
353
-353
363
-363
373
-373
383
-383
393
-393
404
-404
414
-414
424
-424
434
-434
454
-454
464
-464
474
-474
484
-484
494
-494
515
-515
525
-525
535
-535
545
-545
565
-565
575
-575
585
-585
595
-595
606
-606
616
-616
626
-626
636
-636
646
-646
656
-656
676
-676
686
-686
696
-696
707
-707
717
-717
727
-727
737
-737
747
-747
767
-767
787
-787
797
-797
818
-818
828
-828
838
-838
848
-848
868
-868
878
-878
898
-898
909
-909
919
-919
929
-929
939
-939
949
-949
969
-969
979
-979
989
-989
1000
-1000
1
-1
3
-3
6
-6
9
-9
15
-15
21
-21
28
-28
35
-35
49
-49
64
-64
81
-81
144
-144
233
-233
377
-377
610
-610
987
-987
1597
-1597
2584
-2584
4181
-4181